31
59
90
7
31
32
79
50
52
9
18
82
71
9
37
42
12
52
10
12
9
52
68
10
63
41
21
32
84
99
92
75
96
64
8
40
37
31
0
11
55
97
79
10
22
22
44
59
83
40
38
12
50
65
61
46
33
11
68
49
22
33
40
6
58
72
67
18
2
11
75
63
40
25
94
93
36
30
29
1
26
97
53
66
43
81
18
48
87
18
92
46
56
59
12
67
18
51
55
10
84
81
67
80
40
49
54
6
56
72
69
91
12
27
2
84
60
77
74
40
93
91
55
96
60
22
64
20
83
24
40
46
5
16
95
8
87
16
17
29
12
97
47
10
61
14
87
52
29
20
53
53
68
14
61
97
41
65
77
38
74
73
1
92
60
68
62
19
63
56
33
35
95
39
71
62
99
73
30
40
82
67
27
52
72
15
32
15
67
85
6
20
3
57
19
39
76
2
41
27
7
75
35
38
1
61
90
19
19
78
16
19
87
37
29
73
0
58
86
13
29
89
67
12
1
47
26
63
59
14
66
89
33
39
19
76
13
93
74
52
83
19
61
74
48
34
78
75
37
35
96
67
85
98
16
67
76
81
98
41
76
74
20
44
33
2
20
55
77
87
81
49
27
34
65
31
97
19
62
39
6
78
2
74
94
50
66
25
57
9
38
87
82
0
44
22
32
81
63
17
20
95
99
87
66
17
3
64
95
96
33
33
92
66
28
12
64
60
44
9
72
36
8
19
31
68
88
40
18
80
85
85
74
86
10
50
45
9
80
39
24
79
56
52
34
1
22
39
59
45
94
15
16
94
90
96
30
33
66
34
34
47
67
67
35
92
96
38
40
46
92
74
93
62
26
29
69
25
11
58
63
99
69
57
5
55
20
30
35
55
93
51
97
90
32
0
75
91
64
54
54
56
43
32
87
13
44
51
37
64
60
33
52
10
60
37
21
87
84
61
18
27
34
0
18
69
63
38
38
86
99
43
67
63
68
37
76
35
36
64
25
12
97
80
30
69
67
12
69
90
80
25
11
4
84
61
13
55
51
91
56
6
48
1
36
83
57
82
13
36
60
66
37
86
49
91
53
56
18
57
11
32
66
86
37
46
19
89
4
74
21
22
29
1
35
79
32
84
52
85
47
77
43
57
50
78
2
2
41
72
18
21
43
57
92
21
90
6
19
33
12
81
77
51
69
11
48
78
40
73
26
12
80
21
50
18
39
72
2
26
74
76
50
48
96
48
54
29
97
20
5
60
52
55
78
58
44
38
59
70
0
68
94
90
82
21
8
41
46
52
42
94
0
80
98
77
91
27
10
98
58
62
60
27
46
73
29
39
2
41
21
18
43
91
14
27
47
0
69
46
64
98
42
49
19
5
90
69
8
24
62
0
9
47
64
74
62
28
15
39
0
65
41
71
90
24
44
83
13
18
69
4
11
53
9
65
48
91
7
48
61
60
15
87
87
84
9
49
73
50
86
96
80
8
36
60
28
69
13
50
23
36
65
36
87
31
92
54
61
40
88
74
49
4
53
59
58
95
20
67
58
12
98
84
83
38
12
62
9
59
53
72
0
21
96
65
43
54
23
94
39
23
37
98
46
70
80
97
19
15
20
97
58
46
93
90
69
62
31
77
75
6
63
82
14
93
98
64
4
64
86
67
62
25
59
20
20
55
79
3
10
29
49
82
65
28
45
90
15
20
37
9
99
70
68
27
96
9
91
89
45
83
93
47
31
88
85
50
60
67
3
27
35
88
64
87
98
89
31
88
83
29
36
65
67
63
97
11
25
93
8
7
31
88
75
8
24
59
7
6
2
33
68
24
6
85
12
24
97
95
87
73
14
40
34
18
3
69
87
74
91
52
92
28
1
40
38
81
30
71
78
80
33
11
22
14
92
35
13
24
23
85
32
95
73
57
62
79
59
91
93
92
33
46
3
61
56
61
20
70
38
47
72
97
93
72
85
25
47
18
87
13
32
98
60
80
42
13
25
29
29
35
50
13
3
39
42
81
15
83
73
87
14
20
23
5
99
31
60
26
28
67
31
0
67
59
25
91
11
19
33
64
48
55
41
98
61
92
56
22
15
4
15
41
16
33
19
44
71
26
52
56
60
57
28
12
20
77
36
80
46
96
20
56
94
33
75
30
98
45
1
41
63
27
12
22
42
6
62
97
72
51
65
30
77
57
34
43
49
30
85
99
41
47
61
64
27
83
68
4
72
9
9
85
8
44
65
20
6
80
2
89
63
31
67
54
65
82
22
57
